word	unique letters	total letters	score
'ampi	5	5	1.000000
'angtsìk	8	8	1.000000
'aw	3	3	1.000000
'awkx	5	5	1.000000
'awpo	5	5	1.000000
'awsiteng	9	9	1.000000
'awve	5	5	1.000000
'e'al	4	5	0.800000
'eko	4	4	1.000000
'ekong	6	6	1.000000
'engeng	4	7	0.571429
'eveng	5	6	0.833333
'evi	4	4	1.000000
'ewan	5	5	1.000000
'eylan	6	6	1.000000
'ì'awn	5	6	0.833333
'ìheyu	6	6	1.000000
'Ìnglìsì	7	8	0.875000
'it	3	3	1.000000
'itan	5	5	1.000000
'ite	4	4	1.000000
'ok	3	3	1.000000
'ong	4	4	1.000000
'u	2	2	1.000000
'upe	4	4	1.000000
'upxare	7	7	1.000000
a	1	1	1.000000
alaksi	5	6	0.833333
lìm	3	3	1.000000
apxa	3	4	0.750000
atan	3	4	0.750000
atokirina'	8	10	0.800000
atxkxe	5	6	0.833333
au	2	2	1.000000
aungia	5	6	0.833333
awaiei	4	6	0.666667
awnga	4	5	0.800000
ayfo	4	4	1.000000
aynga	4	5	0.800000
ayoe	4	4	1.000000
ayoeng	6	6	1.000000
äie	3	3	1.000000
äo	2	2	1.000000
ätxäle	5	6	0.833333
ätxäle si	7	8	0.875000
ean	3	3	1.000000
eltu	4	4	1.000000
eltu si	6	6	1.000000
eltungawng	8	10	0.800000
emza'u	6	6	1.000000
eo	2	2	1.000000
eyawr	5	5	1.000000
eyaye	3	5	0.600000
eyk	3	3	1.000000
eyktan	6	6	1.000000
fa	2	2	1.000000
fahew	5	5	1.000000
fìfya	4	5	0.800000
fìkem	5	5	1.000000
fìpo	4	4	1.000000
fìtxan	6	6	1.000000
fìtseng	7	7	1.000000
fìtsenge	7	8	0.875000
fì'u	4	4	1.000000
fkarut	6	6	1.000000
fkew	4	4	1.000000
fko	3	3	1.000000
flä	3	3	1.000000
fmawn	5	5	1.000000
fmetok	6	6	1.000000
fmi	3	3	1.000000
fngap	5	5	1.000000
fngapsutxwll	11	12	0.916667
fnu	3	3	1.000000
fo	2	2	1.000000
fpak	4	4	1.000000
fpe'	4	4	1.000000
fpeio	5	5	1.000000
fpi+	4	4	1.000000
fpìl	4	4	1.000000
fpom	4	4	1.000000
fpxafaw	5	7	0.714286
fpxäkìm	7	7	1.000000
fra'u	5	5	1.000000
frakrr	4	6	0.666667
frapo	5	5	1.000000
frrfen	4	6	0.666667
frrtu	4	5	0.800000
ftang	5	5	1.000000
fte	3	3	1.000000
fteke	4	5	0.800000
ftia	4	4	1.000000
ftxì	4	4	1.000000
ftxozä	6	6	1.000000
ftu	3	3	1.000000
ftue	4	4	1.000000
ftxavang	7	8	0.875000
ftxey	5	5	1.000000
fu	2	2	1.000000
futa	4	4	1.000000
fwa	3	3	1.000000
fya'o	5	5	1.000000
fyape	5	5	1.000000
fyawìntxu	9	9	1.000000
ha	2	2	1.000000
hahaw	3	5	0.600000
hapxì	5	5	1.000000
hasey	5	5	1.000000
hawnu	5	5	1.000000
hì'i	4	4	1.000000
hiyìk	5	5	1.000000
hol	3	3	1.000000
holpxay	7	7	1.000000
hrrap	4	5	0.800000
hu	2	2	1.000000
hufwe	5	5	1.000000
hum	3	3	1.000000
i'en	4	4	1.000000
ikran	5	5	1.000000
ikranay	6	7	0.857143
ioang	5	5	1.000000
irayo	5	5	1.000000
ìlä+	4	4	1.000000
ka	2	2	1.000000
kä	2	2	1.000000
kali'weya	8	9	0.888889
kalin	5	5	1.000000
kaltxì	6	6	1.000000
kämakto	6	7	0.857143
kame	4	4	1.000000
kan	3	3	1.000000
kangay	5	6	0.833333
kar	3	3	1.000000
karyu	5	5	1.000000
kato	4	4	1.000000
kawkrr	4	6	0.666667
kawng	5	5	1.000000
kawtu	5	5	1.000000
ke	2	2	1.000000
ke'u	4	4	1.000000
kehe	3	4	0.750000
kelku	4	5	0.800000
kelku si	6	7	0.857143
kem	3	3	1.000000
kempe	4	5	0.800000
kenong	5	6	0.833333
kerusey	6	7	0.857143
ketuwong	8	8	1.000000
kewong	6	6	1.000000
keye'ung	7	8	0.875000
kifkey	5	6	0.833333
kilvan	6	6	1.000000
kìm	3	3	1.000000
kin	3	3	1.000000
kinam	5	5	1.000000
kinamtil	7	8	0.875000
kìng	4	4	1.000000
kip	3	3	1.000000
kìte'e	5	6	0.833333
kllfro'	6	7	0.857143
kllkulat	5	8	0.625000
kllkxem	5	7	0.714286
kllpxìltu	7	9	0.777778
kllte	4	5	0.800000
ko	2	2	1.000000
kop	3	3	1.000000
koren	5	5	1.000000
krr	2	3	0.666667
krrnekx	5	7	0.714286
krrpe	4	5	0.800000
kunsìp	6	6	1.000000
kurakx	5	6	0.833333
kxam	4	4	1.000000
kxamtseng	9	9	1.000000
kxangangang	5	11	0.454545
kxanì	5	5	1.000000
kxawm	5	5	1.000000
kxener	5	6	0.833333
kxetse	5	6	0.833333
kxeyey	4	6	0.666667
kxll	3	4	0.750000
lahe	4	4	1.000000
lam	3	3	1.000000
lapo	4	4	1.000000
latem	5	5	1.000000
law	3	3	1.000000
lefpom	6	6	1.000000
lertu	5	5	1.000000
letrr	4	5	0.800000
letsunslu	6	9	0.666667
lì'u	4	4	1.000000
lì'fya	6	6	1.000000
lok	3	3	1.000000
lonu	4	4	1.000000
lor	3	3	1.000000
loreyu	6	6	1.000000
lrrtok	5	6	0.833333
lrrtok si	7	8	0.875000
lu	2	2	1.000000
lun	3	3	1.000000
lumpe	5	5	1.000000
ma	2	2	1.000000
makto	5	5	1.000000
mawey	5	5	1.000000
mefo	4	4	1.000000
menari	6	6	1.000000
meoauniaea	7	10	0.700000
meuia	5	5	1.000000
meyp	4	4	1.000000
mi	2	2	1.000000
mip	3	3	1.000000
mikyun	6	6	1.000000
mì+	3	3	1.000000
mìn	3	3	1.000000
mìso	4	4	1.000000
mllte	4	5	0.800000
moe	3	3	1.000000
mokri	5	5	1.000000
muiä	4	4	1.000000
mun'i	5	5	1.000000
mune	4	4	1.000000
munge	5	5	1.000000
mungwrr	6	7	0.857143
muntxa	6	6	1.000000
na	2	2	1.000000
na'rìng	6	7	0.857143
Na'vi	5	5	1.000000
nang	3	4	0.750000
nantang	4	7	0.571429
nari	4	4	1.000000
nari si	5	6	0.833333
nawm	4	4	1.000000
ne	2	2	1.000000
ne'ìm	5	5	1.000000
nekx	4	4	1.000000
neto	4	4	1.000000
new	3	3	1.000000
niä	3	3	1.000000
nì'aw	5	5	1.000000
nìawnomum	7	9	0.777778
nì'awtu	7	7	1.000000
nì'awve	7	7	1.000000
nì'it	5	5	1.000000
nì'ul	5	5	1.000000
nìayoeng	7	8	0.875000
nìftue	6	6	1.000000
nìftxavang	8	10	0.800000
nìhawng	6	7	0.857143
nìltsan	6	7	0.857143
nìmun	4	5	0.800000
nìn	2	3	0.666667
nìngay	5	6	0.833333
nìtam	5	5	1.000000
nìteng	5	6	0.833333
nìtut	4	5	0.800000
nìtxan	5	6	0.833333
nìwin	4	5	0.800000
nìwotx	6	6	1.000000
nulkrr	5	6	0.833333
nulnew	5	6	0.833333
nume	4	4	1.000000
nga	3	3	1.000000
ngawng	4	6	0.666667
ngay	4	4	1.000000
ngenga	4	6	0.666667
ngim	4	4	1.000000
ngop	4	4	1.000000
ngrr	3	4	0.750000
nguway	6	6	1.000000
oe	2	2	1.000000
oeng	4	4	1.000000
oeyk	4	4	1.000000
ohe	3	3	1.000000
olo'	3	4	0.750000
olo'eyktan	9	10	0.900000
omum	3	4	0.750000
ontu	4	4	1.000000
pähem	5	5	1.000000
pak	3	3	1.000000
pa'li	5	5	1.000000
palulukan	6	9	0.666667
pam	3	3	1.000000
pamtseo	7	7	1.000000
pamtseowll	9	10	0.900000
pängkxo	7	7	1.000000
pänutìng	7	8	0.875000
pätsì	5	5	1.000000
pawm	4	4	1.000000
pay	3	3	1.000000
paywll	5	6	0.833333
--pe+	4	5	0.800000
pe'un	5	5	1.000000
pefya	5	5	1.000000
pehem	4	5	0.800000
pehrr	4	5	0.800000
pelun	5	5	1.000000
peng	4	4	1.000000
penghrrap	7	9	0.777778
peseng	5	6	0.833333
pesu	4	4	1.000000
peu	3	3	1.000000
pey	3	3	1.000000
pizayu	6	6	1.000000
plltxe	5	6	0.833333
po	2	2	1.000000
poan	4	4	1.000000
poe	3	3	1.000000
pongu	5	5	1.000000
prrnen	4	6	0.666667
prrnesyul	8	9	0.888889
prrte'	5	6	0.833333
pxan	4	4	1.000000
pxasìk	6	6	1.000000
pxasul	6	6	1.000000
pxay	4	4	1.000000
pxey	4	4	1.000000
pxi	3	3	1.000000
pxìm	4	4	1.000000
pxiut	5	5	1.000000
pxorna'	7	7	1.000000
pxun	4	4	1.000000
pxuntil	7	7	1.000000
rä'ä	3	4	0.750000
ral	3	3	1.000000
ralpeng	7	7	1.000000
rawke	5	5	1.000000
rel	3	3	1.000000
reltseo	6	7	0.857143
reltseotu	7	9	0.777778
renu	4	4	1.000000
rey	3	3	1.000000
rikx	4	4	1.000000
rim	3	3	1.000000
rina'	5	5	1.000000
riti	3	4	0.750000
rol	3	3	1.000000
ronsem	6	6	1.000000
rum	3	3	1.000000
rumut	4	5	0.800000
run	3	3	1.000000
rutxe	5	5	1.000000
sa'nok	6	6	1.000000
sa'nu	5	5	1.000000
san	3	3	1.000000
sänume	6	6	1.000000
säspxin	6	7	0.857143
sempu	5	5	1.000000
sempul	6	6	1.000000
set	3	3	1.000000
sevin	5	5	1.000000
seyri	5	5	1.000000
seze	3	4	0.750000
si	2	2	1.000000
sì	2	2	1.000000
sìk	3	3	1.000000
sìlpey	6	6	1.000000
sìlronsem	8	9	0.888889
sìltsan	6	7	0.857143
ska'a	4	5	0.800000
skxawng	7	7	1.000000
slä	3	3	1.000000
slu	3	3	1.000000
sngä'i	6	6	1.000000
sngä'ikrr	8	9	0.888889
sngel	5	5	1.000000
sngeltseng	6	10	0.600000
snumìna	6	7	0.857143
som	3	3	1.000000
somtìlor	7	8	0.875000
spaw	4	4	1.000000
spxam	5	5	1.000000
spe'e	4	5	0.800000
spe'etu	6	7	0.857143
spxin	5	5	1.000000
srak	4	4	1.000000
srake	5	5	1.000000
srane	5	5	1.000000
srew	4	4	1.000000
srung	5	5	1.000000
stawm	5	5	1.000000
steftxaw	7	8	0.875000
stum	4	4	1.000000
sutx	4	4	1.000000
swaw	3	4	0.750000
swey	4	4	1.000000
swirä	5	5	1.000000
swizaw	5	6	0.833333
swok	4	4	1.000000
swotu	5	5	1.000000
syaw	4	4	1.000000
syulang	7	7	1.000000
ta	2	2	1.000000
ta'em	5	5	1.000000
tafral	5	6	0.833333
täftxu	5	6	0.833333
täftxuyu	6	8	0.750000
takuk	4	5	0.800000
talioang	7	8	0.875000
talun	5	5	1.000000
taluna	5	6	0.833333
tam	3	3	1.000000
tam tam	3	6	0.500000
tangek	6	6	1.000000
tanhì	5	5	1.000000
taron	5	5	1.000000
taronyu	7	7	1.000000
tautral	5	7	0.714286
taw	3	3	1.000000
taweyk	6	6	1.000000
taweyka	6	7	0.857143
tawsìp	6	6	1.000000
tawng	5	5	1.000000
tawtsngal	7	9	0.777778
Tawtute	6	7	0.857143
te	2	2	1.000000
tel	3	3	1.000000
telem	4	5	0.800000
teng	4	4	1.000000
tengfya	7	7	1.000000
tengkrr	6	7	0.857143
teri	4	4	1.000000
terkup	6	6	1.000000
teswotìng	8	9	0.888889
teya	4	4	1.000000
teylu	5	5	1.000000
tewti	4	5	0.800000
til	3	3	1.000000
tirea	5	5	1.000000
tireafya'o	9	10	0.900000
tireaioang	8	10	0.800000
tireapängkxo	12	12	1.000000
tì'eyng	7	7	1.000000
tìfmetok	7	8	0.875000
tìftang	6	7	0.857143
tìfyawìntxu	9	11	0.818182
tìhawnu	7	7	1.000000
tìkangkem	8	9	0.888889
tìkawng	7	7	1.000000
tìkenong	7	8	0.875000
tìkin	5	5	1.000000
tìlor	5	5	1.000000
tìng	4	4	1.000000
tìng mikyun	9	10	0.900000
tìng nari	7	8	0.875000
tìngay	6	6	1.000000
tìpawm	6	6	1.000000
tìran	5	5	1.000000
tìyawn	6	6	1.000000
tìrey	5	5	1.000000
tìrol	5	5	1.000000
tìspxin	7	7	1.000000
tìtxur	5	6	0.833333
to	2	2	1.000000
tok	3	3	1.000000
toktor	4	6	0.666667
tokx	4	4	1.000000
tompa	5	5	1.000000
toruk	5	5	1.000000
toruk makto	7	10	0.700000
torukspxam	10	10	1.000000
trr	2	3	0.666667
trram	4	5	0.800000
tukru	4	5	0.800000
tul	3	3	1.000000
tung	4	4	1.000000
tupe	4	4	1.000000
tut	2	3	0.666667
tute	3	4	0.750000
tuté	3	4	0.750000
tutan	4	5	0.800000
tsa'u	5	5	1.000000
tsaheylu	8	8	1.000000
tsakem	6	6	1.000000
tsakrr	5	6	0.833333
tsam	4	4	1.000000
tsampongu	9	9	1.000000
tsamsiyu	7	8	0.875000
tsap'alute	8	10	0.800000
tsatseng	6	8	0.750000
tsatu	4	5	0.800000
tsawke	6	6	1.000000
tsawl	5	5	1.000000
tsawlapxangrr	10	13	0.769231
tse'a	5	5	1.000000
tseng	5	5	1.000000
tsenge	5	6	0.833333
tsengpe	6	7	0.857143
tseo	4	4	1.000000
tskalep	7	7	1.000000
tsko	4	4	1.000000
tsko swizaw	8	10	0.800000
tskxe	5	5	1.000000
tskxekeng	7	9	0.777778
tslam	5	5	1.000000
tsleng	6	6	1.000000
tslolam	6	7	0.857143
tsmuk	5	5	1.000000
tsmuktu	5	7	0.714286
tsmukan	7	7	1.000000
tsmuke	6	6	1.000000
tsnì	4	4	1.000000
tsngal	6	6	1.000000
tspang	6	6	1.000000
tsranten	6	8	0.750000
tstew	4	5	0.800000
tstxo	4	5	0.800000
tsun	4	4	1.000000
tswayon	7	7	1.000000
tsyal	5	5	1.000000
tsyo	4	4	1.000000
tsyorina'wll	11	12	0.916667
txan	4	4	1.000000
txantsan	5	8	0.625000
txantslusam	8	11	0.727273
txe'lan	7	7	1.000000
txele	4	5	0.800000
txen	4	4	1.000000
txep	4	4	1.000000
txewk	5	5	1.000000
txey	4	4	1.000000
txìm	4	4	1.000000
txìng	5	5	1.000000
txll'u	5	6	0.833333
txo	3	3	1.000000
txoa	4	4	1.000000
txokefyaw	9	9	1.000000
txon	4	4	1.000000
txopu	5	5	1.000000
txula	5	5	1.000000
txum	4	4	1.000000
txumpaywll	9	10	0.900000
txumtsä'wll	9	11	0.818182
txur	4	4	1.000000
ulte	4	4	1.000000
ultxa	5	5	1.000000
unil	4	4	1.000000
uniltìrantokx	11	13	0.846154
uniltìranyu	9	11	0.818182
utral	5	5	1.000000
uvan	4	4	1.000000
uvan si	6	6	1.000000
vay	3	3	1.000000
virä	4	4	1.000000
vrrtep	5	6	0.833333
vul	3	3	1.000000
way	3	3	1.000000
waytelem	7	8	0.875000
win	3	3	1.000000
wìntxu	6	6	1.000000
'ewll	4	5	0.800000
wrrpa	4	5	0.800000
wutso	5	5	1.000000
ya	2	2	1.000000
yawne	5	5	1.000000
ye'rìn	6	6	1.000000
yerik	5	5	1.000000
yey	2	3	0.666667
yìm	3	3	1.000000
yol	3	3	1.000000
yom	3	3	1.000000
yomhì'ang	9	9	1.000000
yomioang	7	8	0.875000
yomtìng	7	7	1.000000
yur	3	3	1.000000
za'ärìp	7	7	1.000000
za'u	4	4	1.000000
zamunge	7	7	1.000000
zawng	5	5	1.000000
zekwä	5	5	1.000000
zene	3	4	0.750000
zìsìt	4	5	0.800000
zong	4	4	1.000000
zongtseng	7	9	0.777778
zoplo	4	5	0.800000
zoplo si	6	7	0.857143
zusawkrr	7	8	0.875000
Jakesully	8	9	0.888889
'ärìp	5	5	1.000000
'awstengyem	10	11	0.909091
'efu	4	4	1.000000
'em	3	3	1.000000
'eyng	5	5	1.000000
'i'a	3	4	0.750000
'ia	3	3	1.000000
fkxake	5	6	0.833333
fmal	4	4	1.000000
frìp	4	4	1.000000
ftem	4	4	1.000000
fwew	3	4	0.750000
hangham	5	7	0.714286
vaykrr	5	6	0.833333
sngap	5	5	1.000000
hawl	4	4	1.000000
kä'ärìp	6	7	0.857143
kavuk si	6	7	0.857143
kllkä	3	5	0.600000
latsi	5	5	1.000000
lek	3	3	1.000000
len	3	3	1.000000
lew si	5	5	1.000000
muntxa si	8	8	1.000000
näk	3	3	1.000000
nong	3	4	0.750000
oeyktìng	8	8	1.000000
pate	4	4	1.000000
piak si	5	6	0.833333
pom	3	3	1.000000
pxor	4	4	1.000000
salew	5	5	1.000000
sar	3	3	1.000000
sim	3	3	1.000000
sleyku	6	6	1.000000
sop	3	3	1.000000
spä	3	3	1.000000
speng	5	5	1.000000
spule	5	5	1.000000
srese'a	5	7	0.714286
steyki	6	6	1.000000
sti	3	3	1.000000
sto	3	3	1.000000
sung	4	4	1.000000
syep	4	4	1.000000
tatep	4	5	0.800000
tätxaw	5	6	0.833333
tem	3	3	1.000000
tì'awm si	8	8	1.000000
tì'awm	6	6	1.000000
tìkangkem si	10	11	0.909091
tìng tseng	6	9	0.666667
tìsraw seyki	10	11	0.909091
tìsraw	6	6	1.000000
tìsraw si	7	8	0.875000
toltem	5	6	0.833333
tsä'	4	4	1.000000
tsaheyl si	8	9	0.888889
tsap'alute si	9	12	0.750000
tsawl slu	6	8	0.750000
tsngawvìk	9	9	1.000000
tsre'i	6	6	1.000000
tstu si	4	6	0.666667
tsunslu	5	7	0.714286
tsurokx	7	7	1.000000
tungzup	6	7	0.857143
wem	3	3	1.000000
win säpi	6	7	0.857143
win si	4	5	0.800000
yän	3	3	1.000000
yem	3	3	1.000000
zenke	4	5	0.800000
zup	3	3	1.000000
nekll	4	5	0.800000
srung si	6	7	0.857143
txopu si	7	7	1.000000
fkip	4	4	1.000000
io	2	2	1.000000
kxamlä	6	6	1.000000
lok	3	3	1.000000
maw	3	3	1.000000
mìkam	4	5	0.800000
nemfa	5	5	1.000000
pxaw	4	4	1.000000
pxel	4	4	1.000000
sìn	3	3	1.000000
takip	5	5	1.000000
uo	2	2	1.000000
luke	4	4	1.000000
tafkip	6	6	1.000000
ro+	3	3	1.000000
sre+	4	4	1.000000
wä+	3	3	1.000000
fäpa	4	4	1.000000
alìm	4	4	1.000000
aylaru	5	6	0.833333
kxu	3	3	1.000000
eltu lefngap	9	11	0.818182
kì'ong	6	6	1.000000
säfpìl	6	6	1.000000
kefyak	5	6	0.833333
prrwll	4	6	0.666667
pängkxoyu lekoren	12	16	0.750000
pamrel	6	6	1.000000
pamrel si	8	8	1.000000
furia	5	5	1.000000
fratseng	8	8	1.000000
fratrr	4	6	0.666667
frato	5	5	1.000000
trray	4	5	0.800000
kea	3	3	1.000000
ngian	4	5	0.800000
skepek	4	6	0.666667
hufwa	5	5	1.000000
tup	3	3	1.000000
'uo	3	3	1.000000
tuteo	4	5	0.800000
tsengo	6	6	1.000000
holpxaype	8	9	0.888889
hìm	3	3	1.000000
hìmtxampe	8	9	0.888889
hìmtxan	7	7	1.000000
pìmtxan	7	7	1.000000
lì'upe	6	6	1.000000
pelì'u	6	6	1.000000
ultxarun	7	8	0.875000
ultxa si	7	7	1.000000
rangal	5	6	0.833333
nìrangal	6	8	0.750000
txepvi	6	6	1.000000
nitram	6	6	1.000000
fewi	4	4	1.000000
stä'nì	6	6	1.000000
sran	4	4	1.000000
weyn	4	4	1.000000
fìtrr	4	5	0.800000
rusey	5	5	1.000000
vitra	5	5	1.000000
nìzawnong	7	9	0.777778
ftawnemkrr	9	10	0.900000
txal	4	4	1.000000
tsìng	5	5	1.000000
mrr	2	3	0.666667
pukap	4	5	0.800000
kinä	4	4	1.000000
vol	3	3	1.000000
zam	3	3	1.000000
tìoeyktìng	8	10	0.800000
lesar	5	5	1.000000
tse	3	3	1.000000
skxom	5	5	1.000000
fkxen	5	5	1.000000
syä'ä	4	5	0.800000
yemfpay si	8	9	0.888889
yemfpay	6	7	0.857143
keng	4	4	1.000000
'awlo	5	5	1.000000
melo	4	4	1.000000
heyn	4	4	1.000000
nìpxim	6	6	1.000000
pxim	4	4	1.000000
tuvon	5	5	1.000000
nìfya'o	7	7	1.000000
letrrtrr	4	8	0.500000
nì'eoio	6	7	0.857143
'eoio	4	5	0.800000
rìk	3	3	1.000000
lerìk	5	5	1.000000
pa'o	4	4	1.000000
kllpa	4	5	0.800000
mìfa	4	4	1.000000
nefä	4	4	1.000000
zapxì	5	5	1.000000
käpxì	5	5	1.000000
käsatseng	8	9	0.888889
ftxey	5	5	1.000000
ngaytxoa	7	8	0.875000
flew	4	4	1.000000
kxa	3	3	1.000000
nikre	5	5	1.000000
pewn	4	4	1.000000
re'o	4	4	1.000000
sre'	4	4	1.000000
tsuksìm	6	7	0.857143
key	3	3	1.000000
puk	3	3	1.000000
ngäng	3	5	0.600000
ta'leng	7	7	1.000000
tsyokx	6	6	1.000000
reypay	5	6	0.833333
tsopì	5	5	1.000000
venu	4	4	1.000000
venzek	5	6	0.833333
ramunong	7	8	0.875000
payfya	4	6	0.666667
pxawpa	4	6	0.666667
txampay	6	7	0.857143
'ora	4	4	1.000000
ekxan	5	5	1.000000
tsim	4	4	1.000000
tsray	5	5	1.000000
txayo	5	5	1.000000
ukxo	4	4	1.000000
wew	2	3	0.666667
fìtxon	6	6	1.000000
txonam	6	6	1.000000
txonay	6	6	1.000000
sekrr	4	5	0.800000
vur	3	3	1.000000
tìpängkxo	9	9	1.000000
tìsrese'a	7	9	0.777778
nawmtu	6	6	1.000000
txantstew	7	9	0.777778
syuve	5	5	1.000000
tsngan	5	6	0.833333
tstal	4	5	0.800000
tete	2	4	0.500000
lew	3	3	1.000000
'opin	5	5	1.000000
leNa'vi	7	7	1.000000
nìNa'vi	7	7	1.000000
hapxìtu	7	7	1.000000
'Rrta	5	5	1.000000
fwäkìwll	6	8	0.750000
hì'ang	6	6	1.000000
payoang	6	7	0.857143
yayo	3	4	0.750000
zize'	4	5	0.800000
kemlì'u	7	7	1.000000
tstxolì'u	8	9	0.888889
ftär	4	4	1.000000
skien	5	5	1.000000
'änsyem	7	7	1.000000
wotx	4	4	1.000000
mowan	5	5	1.000000
vä'	3	3	1.000000
tatlam	4	6	0.666667
keteng	5	6	0.833333
numtseng	7	8	0.875000
skxakep	6	7	0.857143
tìprrte'	6	8	0.750000
kaw'it	6	6	1.000000
nìlkeftang	9	10	0.900000
tì'i'avay	7	9	0.777778
'awm	4	4	1.000000
tìska'a	6	7	0.857143
tìsop	5	5	1.000000
wempongu	8	8	1.000000
asim	4	4	1.000000
klltseng	7	8	0.875000
kxutu	4	5	0.800000
mekre	4	5	0.800000
tìhawl	6	6	1.000000
tìkan	5	5	1.000000
tìpähem	7	7	1.000000
numeyu	5	6	0.833333
soaia	4	5	0.800000
tìmuntxa	7	8	0.875000
yawnetu	7	7	1.000000
yawntu	6	6	1.000000
kakrel	5	6	0.833333
kanu	4	4	1.000000
koak	3	4	0.750000
lekye'ung	8	9	0.888889
me'em	3	5	0.600000
txanew	6	6	1.000000
txantur	6	7	0.857143
tì'awpo	7	7	1.000000
tì'eylan	8	8	1.000000
fkay	4	4	1.000000
keltsun	7	7	1.000000
kxuke	4	5	0.800000
lehawng	7	7	1.000000
hawng	5	5	1.000000
lekin	5	5	1.000000
stxong	6	6	1.000000
syen	4	4	1.000000
kavuk	4	5	0.800000
fpìlfya	6	7	0.857143
syay	3	4	0.750000
tìfnu	5	5	1.000000
tìngop	6	6	1.000000
tìpe'un	7	7	1.000000
kxitx	4	5	0.800000
trr'awve	7	8	0.875000
trrmuve	6	7	0.857143
trrpxeyve	7	9	0.777778
trrtsìve	6	8	0.750000
trrmrrve	5	8	0.625000
trrpuve	6	7	0.857143
trrkive	6	7	0.857143
'ango	5	5	1.000000
kxayl	5	5	1.000000
rey'eng	6	7	0.857143
tìme'em	5	7	0.714286
fnel	4	4	1.000000
fnepe	4	5	0.800000
pefnel	5	6	0.833333
zerok	5	5	1.000000
tswa'	5	5	1.000000
tì'efu	6	6	1.000000
maweypey	6	8	0.750000
tìmweypey	7	9	0.777778
lemweypey	6	9	0.666667
nìmweypey	7	9	0.777778
tsakrrvay	7	9	0.777778
ohakx	5	5	1.000000
tìohakx	7	7	1.000000
tsyosyu	5	7	0.714286
vey	3	3	1.000000
trrpeve	5	7	0.714286
pxiswawam	7	9	0.777778
pxiset	6	6	1.000000
pxiswaway	7	9	0.777778
pxiye'rìn	9	9	1.000000
pxisre+	7	7	1.000000
pximaw	6	6	1.000000
sok	3	3	1.000000
'awlie	6	6	1.000000
tìkxey	6	6	1.000000
tìkxey si	8	8	1.000000
tìyawr	6	6	1.000000
tìketeng	6	8	0.750000
fpomtokx	7	8	0.875000
lefpomtokx	9	10	0.900000
kelfpomtokx	9	11	0.818182
keftxo	6	6	1.000000
nìkeftxo	8	8	1.000000
sraw	4	4	1.000000
txampxì	6	7	0.857143
vurvi	4	5	0.800000
sänumvi	7	7	1.000000
letam	5	5	1.000000
letsranten	7	10	0.700000
nìswey	6	6	1.000000
nìpxi	5	5	1.000000
wok	3	3	1.000000
spuwin	6	6	1.000000
nì'eyng	6	7	0.857143
nìkanu	5	6	0.833333
nìlaw	5	5	1.000000
tìsti	4	5	0.800000
tìtxanew	7	8	0.875000
tìftxey	6	7	0.857143
tìkanu	6	6	1.000000
tìlam	5	5	1.000000
tìtslam	6	7	0.857143
tìtxula	6	7	0.857143
hewne	4	5	0.800000
tìm	3	3	1.000000
laro	4	4	1.000000
tsewtx	5	6	0.833333
lefngap	7	7	1.000000
txa'	4	4	1.000000
fwel	4	4	1.000000
etrìp	5	5	1.000000
piak	4	4	1.000000
tstu	3	4	0.750000
kxll si	5	6	0.833333
tsaw	4	4	1.000000
tsalsungay	8	10	0.800000
oìsss	3	5	0.600000
saa	2	3	0.666667
sau	3	3	1.000000
tsahey	6	6	1.000000
wiya	4	4	1.000000
ìley	4	4	1.000000
vawm	4	4	1.000000
tìvawm	6	6	1.000000
polpxay	6	7	0.857143
ke'aw	5	5	1.000000
nìsti	5	5	1.000000
teyr	4	4	1.000000
layon	5	5	1.000000
pänu	4	4	1.000000
kew	3	3	1.000000
'eyt	4	4	1.000000
nayn	3	4	0.750000
trr'ong	6	7	0.857143
trr'ongmaw	9	10	0.900000
rewon	5	5	1.000000
srekamtrr	7	9	0.777778
kxamtrr	6	7	0.857143
kxamtrrmaw	7	10	0.700000
ha'ngir	7	7	1.000000
kaym	4	4	1.000000
sreton'ong	8	10	0.800000
txon'ong	6	8	0.750000
txon'ongmaw	9	11	0.818182
srekamtxon	10	10	1.000000
kxamtxon	7	8	0.875000
kxamtxomaw	7	10	0.700000
sresrr'ong	7	10	0.700000
wou	3	3	1.000000
tsyìräfì	7	8	0.875000
tsawa	4	5	0.800000
tsata	3	5	0.600000
tsaria	5	6	0.833333
alo	3	3	1.000000
fralo	5	5	1.000000
nìmwey	6	6	1.000000
ku'up	4	5	0.800000
syo	3	3	1.000000
hay	3	3	1.000000
ham	3	3	1.000000
matsa	4	5	0.800000
hametsì	7	7	1.000000
tìkangkemvi	10	11	0.909091
nì'i'a	5	6	0.833333
nìsyen	5	6	0.833333
pìlok	5	5	1.000000
tsulfätu	6	8	0.750000
tsulfä	6	6	1.000000
tsulfä si	7	8	0.875000
numtsengvi	9	10	0.900000
rofa	4	4	1.000000
pum	3	3	1.000000
Yuesey	5	6	0.833333
teya si	6	6	1.000000
alunta	5	6	0.833333
nìprrte'	7	8	0.875000
sngä'iyu	8	8	1.000000
srekrr	4	6	0.666667
ayu	3	3	1.000000
tsafya	5	6	0.833333
muve	4	4	1.000000
pxeyve	5	6	0.833333
tsìve	5	5	1.000000
mrrve	4	5	0.800000
puve	4	4	1.000000
kive	4	4	1.000000
volve	4	5	0.800000
tsyänel	7	7	1.000000
trrtxon	5	7	0.714286
au	2	2	1.000000
pängkxoyu	9	9	1.000000
lekoren	6	7	0.857143
prrkxentrrkrr	7	13	0.538462
tìftia	5	6	0.833333
tìftia kifkeyä	9	13	0.692308
pxir	4	4	1.000000
eanean	3	6	0.500000
'ele'wll	4	8	0.500000
tstxa'a	5	7	0.714286
pa'liwll	6	8	0.750000
anìheyu	7	7	1.000000
tompawll	7	8	0.875000
pxiwll	5	6	0.833333
syeptute	6	8	0.750000
kllpxiwll	6	9	0.666667
smaoe	5	5	1.000000
'ä'o	3	4	0.750000
mulpxar	7	7	1.000000
flefle	3	6	0.500000
kxaylte	7	7	1.000000
fkxakewll	7	9	0.777778
tìhawnuwll	8	10	0.800000
pxorna'lor	8	10	0.800000
pxayzekwä	9	9	1.000000
mìnyu	5	5	1.000000
mìnyu	5	5	1.000000
väfewll	6	7	0.857143
sngukx	6	6	1.000000
rawp	4	4	1.000000
'ampirikx	8	9	0.888889
apxangrr	6	8	0.750000
värumut	6	7	0.857143
keyawr	6	6	1.000000
lehrrap	6	7	0.857143
tìtxen	5	6	0.833333
hìrumwll	7	8	0.875000
fwäkì	5	5	1.000000
fratxon	7	7	1.000000
hìkrr	4	5	0.800000
mawkrr	5	6	0.833333
ngeyn	4	5	0.800000
ngopyu	6	6	1.000000
nìk'ong	6	7	0.857143
pamtseotu	8	9	0.888889
sat	3	3	1.000000
tsal	4	4	1.000000
tsat	3	4	0.750000
tsawlhì'	8	8	1.000000
lì'fyavi	8	8	1.000000
nafì'u	6	6	1.000000
lì'fyaolo'	7	10	0.700000
puktsyìp	7	8	0.875000
utraltsyìp	9	10	0.900000
säspxintsyìp	9	12	0.750000
'itetsyìp	8	9	0.888889
sa'nutsyìp	9	10	0.900000
kem si	5	5	1.000000
tswin	5	5	1.000000
tswintsyìp	8	10	0.800000
taronyutsyìp	10	12	0.833333
oetsyìp	7	7	1.000000
ngatsyìp	8	8	1.000000
atanvi	5	6	0.833333
txeptsyìp	7	9	0.777778
tìkusar	7	7	1.000000
tìyusom	7	7	1.000000
tìtusaron	8	9	0.888889
tìpängkxotsyìp	11	14	0.785714
hayalo	5	6	0.833333
hamalo	5	6	0.833333
tstunwi	6	7	0.857143
seykxel	6	7	0.857143
fuke	4	4	1.000000
'a'aw	3	5	0.600000
'okrol	5	6	0.833333
'okvur	6	6	1.000000
alu	3	3	1.000000
fnawe'	6	6	1.000000
fnawe'tu	8	8	1.000000
ftxìlor	7	7	1.000000
ftxìvä'	7	7	1.000000
fyeyn	4	5	0.800000
fyeyntu	6	7	0.857143
tìfyeyn	6	7	0.857143
hawngkrr	7	8	0.875000
lehawngkrr	9	10	0.900000
leye'krr	6	8	0.750000
hek	3	3	1.000000
nìhek	5	5	1.000000
ki	2	2	1.000000
nìfyeyntu	7	9	0.777778
nì'eveng	6	8	0.750000
lìng	4	4	1.000000
ram	3	3	1.000000
muntxatu	6	8	0.750000
muntxatan	6	9	0.666667
muntxate	7	8	0.875000
netrìp	6	6	1.000000
newomum	6	7	0.857143
lenomum	6	7	0.857143
tìnomum	6	7	0.857143
ngäzìk	6	6	1.000000
tìngäzìk	7	8	0.875000
nìsung	5	6	0.833333
reng	4	4	1.000000
rolun	5	5	1.000000
sa'sem	5	6	0.833333
smar	4	4	1.000000
starsìm	6	7	0.857143
sunu	3	4	0.750000
syayvi	5	6	0.833333
nìsyayvi	7	8	0.875000
tolel	4	5	0.800000
txukx	4	5	0.800000
ve'kì	5	5	1.000000
tìve'kì	6	7	0.857143
yaymak	4	6	0.666667
ye'krr	5	6	0.833333
zìsìkrr	5	7	0.714286
zo	2	2	1.000000
zoslu	5	5	1.000000
zeyko	5	5	1.000000
frawzo	6	6	1.000000
kemlì'uvi	9	9	1.000000
irayo si	6	7	0.857143
lefkrr	5	6	0.833333
lì'upam	7	7	1.000000
natkenong	7	9	0.777778
eltur tìtxen si	10	13	0.769231
pxelo	5	5	1.000000
pamrelfya	8	9	0.888889
law si	5	5	1.000000
naer	4	4	1.000000
atxkxerel	7	9	0.777778
nìtengfya	8	9	0.888889
tun	3	3	1.000000
'om	3	3	1.000000
neyn	3	4	0.750000
ngul	4	4	1.000000
tumpin	6	6	1.000000
eampin	6	6	1.000000
rimpin	5	6	0.833333
'ompin	6	6	1.000000
layompin	8	8	1.000000
teyrpin	7	7	1.000000
vawmpin	7	7	1.000000
neympin	6	7	0.857143
ngulpin	6	7	0.857143
pil	3	3	1.000000
ta'lengean	7	10	0.700000
rìkean	6	6	1.000000
kllvawm	6	7	0.857143
'evan	5	5	1.000000
'eve	3	4	0.750000
'evengan	6	8	0.750000
'evenge	5	7	0.714286
fkio	4	4	1.000000
kenten	4	6	0.666667
nìwä	4	4	1.000000
pìwopx	5	6	0.833333
ramtsyìp	8	8	1.000000
syaksyuk	5	8	0.625000
tor	3	3	1.000000
txärem	6	6	1.000000
uk	2	2	1.000000
yapay	3	5	0.600000
tìspe'e	6	7	0.857143
tìftxavang	8	10	0.800000
tìtstunwi	7	9	0.777778
stxeli	6	6	1.000000
ngrrpongu	6	9	0.666667
smon	4	4	1.000000
lawk	4	4	1.000000
hìtxoa	6	6	1.000000
mäkxu	5	5	1.000000
hultstxem	8	9	0.888889
mok	3	3	1.000000
muwìntxu	7	8	0.875000
kan'ìn	5	6	0.833333
tìwusem	7	7	1.000000
nì'eng	5	6	0.833333
Pari	4	4	1.000000
tì'ong	6	6	1.000000
tìmok	5	5	1.000000
tì'em	5	5	1.000000
leyn	4	4	1.000000
päsketpol	8	9	0.888889
nìFranse	7	8	0.875000
nìToitsye	9	9	1.000000
nìno	3	4	0.750000
hìno	4	4	1.000000
leno	4	4	1.000000
tìno	4	4	1.000000
'ongokx	6	7	0.857143
nokx	4	4	1.000000
nìtrrtrr	4	8	0.500000
tìn	3	3	1.000000
txin	4	4	1.000000
txintìn	5	7	0.714286
'emyu	5	5	1.000000
vewng	5	5	1.000000
kaltxì si	8	8	1.000000
sopyu	5	5	1.000000
fula	4	4	1.000000
tskxekeng si	8	11	0.727273
way si	5	5	1.000000
swawtsyìp	7	9	0.777778
käteng	6	6	1.000000
'ìn	3	3	1.000000
Sweriye	6	7	0.857143
nìfkrr	5	6	0.833333
sulìn	5	5	1.000000
vrrìn	4	5	0.800000
tìk'ìn	5	6	0.833333
säsulìn	6	7	0.857143
'o'	2	3	0.666667
Europa	6	6	1.000000
skxaypxe	7	8	0.875000
pxorpam	6	7	0.857143
tì'o'	4	5	0.800000
nì'o'	4	5	0.800000
fnan	3	4	0.750000
wätx	4	4	1.000000
tìsom	5	5	1.000000
tìwew	4	5	0.800000
tìlen	5	5	1.000000
nìnäk	4	5	0.800000
nìhay	5	5	1.000000
sayrìp	6	6	1.000000
letokx	6	6	1.000000
säzärìp	6	7	0.857143
ìpxa	4	4	1.000000
tìhawnu si	9	9	1.000000
sno	3	3	1.000000
kìte'e si	7	8	0.875000
var	3	3	1.000000
nìftxan	6	7	0.857143
Yeysu	5	5	1.000000
lelì'fya	7	8	0.875000
takrra	4	6	0.666667
akrrta	4	6	0.666667
few	3	3	1.000000
fewtusok	8	8	1.000000
sla'tsu	6	7	0.857143
tìsla'tsu	7	9	0.777778
'en	3	3	1.000000
'en si	5	5	1.000000
le'en	4	5	0.800000
nì'en	4	5	0.800000
sä'o	4	4	1.000000
pamtseo si	8	9	0.888889
väng	4	4	1.000000
tìväng	6	6	1.000000
sngum	5	5	1.000000
nìsngum	6	7	0.857143
yayayr	3	6	0.500000
wäte	4	4	1.000000
tìwäte	5	6	0.833333
säwäte	5	6	0.833333
lewäte	5	6	0.833333
nìwäte	6	6	1.000000
li	2	2	1.000000
lisre+	6	6	1.000000
ronsrelngop	8	11	0.727273
ronsrel	6	7	0.857143
tìronsrel	8	9	0.888889
txanatan	4	8	0.500000
leronsrel	6	9	0.666667
nìronsrel	7	9	0.777778
srefey	5	6	0.833333
mawl	4	4	1.000000
pan	3	3	1.000000
wan	3	3	1.000000
nìwan	4	5	0.800000
tìwan	5	5	1.000000
letwan	6	6	1.000000
slele	3	5	0.600000
nìslele	5	7	0.714286
tìtaron	6	7	0.857143
ìì	1	2	0.500000
tsukyom	7	7	1.000000
ketsuktswa'	8	11	0.727273
tsuktswa'	7	9	0.777778
yafkeyk	5	7	0.714286
fkeytok	6	7	0.857143
tìfkeytok	7	9	0.777778
tompameyp	7	9	0.777778
tskxaytsyìp	8	11	0.727273
tskxepay	8	8	1.000000
herwì	5	5	1.000000
tomperwì	8	8	1.000000
txanfwerwì	9	10	0.900000
hermeyp	6	7	0.857143
hertxayo	8	8	1.000000
ìlva	4	4	1.000000
txepìva	7	7	1.000000
herwìva	7	7	1.000000
payìva	5	6	0.833333
tompìva	7	7	1.000000
kintrr	5	6	0.833333
mrrtrr	3	6	0.500000
muntrr	5	6	0.833333
kintrram	7	8	0.875000
kintrray	7	8	0.875000
muntrram	6	8	0.750000
muntrray	7	8	0.875000
vospxì	6	6	1.000000
vospxìam	8	8	1.000000
vospxìay	8	8	1.000000
sweylu	6	6	1.000000
ye	2	2	1.000000
hasey si	6	7	0.857143
seysonìltsan	9	12	0.750000
yehakx	6	6	1.000000
yeväng	6	6	1.000000
somwew	5	6	0.833333
pup	2	3	0.666667
ngimpup	6	7	0.857143
pesomwew	6	8	0.750000
somwewpe	6	8	0.750000
txawew	5	6	0.833333
wur	3	3	1.000000
tsyafe	6	6	1.000000
sang	4	4	1.000000
txasom	6	6	1.000000
leyapay	5	7	0.714286
lepwopx	6	7	0.857143
nìhol	5	5	1.000000
nìpxay	6	6	1.000000
paynga'	6	7	0.857143
meuianga'	8	9	0.888889
txumnga'	8	8	1.000000
'akra	4	5	0.800000
hufwetsyìp	10	10	1.000000
nìlam	5	5	1.000000
nìli	4	4	1.000000
nìfrakrr	6	8	0.750000
am'a	3	4	0.750000
nga'	4	4	1.000000
tìftang si	8	9	0.888889
may'	4	4	1.000000
yora'	5	5	1.000000
snaytx	6	6	1.000000
tìyora'	7	7	1.000000
tìsnaytx	7	8	0.875000
'otxang	7	7	1.000000
skxir	5	5	1.000000
leskxir	7	7	1.000000
skxir si	5	7	0.714286
skxirtsyìp	9	10	0.900000
sloan	5	5	1.000000
emrey	4	5	0.800000
temrey	5	6	0.833333
lemrey	5	6	0.833333
nemrey	5	6	0.833333
wawe	3	4	0.750000
txanwawe	6	8	0.750000
nìwawe	5	6	0.833333
keyrel	5	6	0.833333
fwampop	6	7	0.857143
säplltxe	7	8	0.875000
säplltxevi	9	10	0.900000
kawtseng	8	8	1.000000
tsapo	5	5	1.000000
fwefwi	4	6	0.666667
'etnaw	6	6	1.000000
pllngay	6	7	0.857143
kawngsar	7	8	0.875000
lom	3	3	1.000000
koaktan	5	7	0.714286
koakte	5	6	0.833333
koaktu	5	6	0.833333
lomtu	5	5	1.000000
fe'	3	3	1.000000
nìfe'	5	5	1.000000
wätu	4	4	1.000000
fekem	4	5	0.800000
hawtsyìp	8	8	1.000000
uran	4	4	1.000000
ftxozä si	8	8	1.000000
kekem	3	5	0.600000
pxen	4	4	1.000000
tewng	5	5	1.000000
raspu'	6	6	1.000000
hawnven	6	7	0.857143
hawntsyokx	10	10	1.000000
hawre'	6	6	1.000000
ioi	2	3	0.666667
nìlun	4	5	0.800000
'ali'ä	5	6	0.833333
'are	4	4	1.000000
fkxile	6	6	1.000000
masat	4	5	0.800000
nikroi	5	6	0.833333
pxawpxun	6	8	0.750000
renten	4	6	0.666667
tsamopin	8	8	1.000000
tsang	5	5	1.000000
miktsang	8	8	1.000000
ontsang	6	7	0.857143
yemstokx	8	8	1.000000
ioi si	3	5	0.600000
'aku	4	4	1.000000
le'aw	5	5	1.000000
mawkrra	5	7	0.714286
akrrmaw	5	7	0.714286
Toitslan	8	8	1.000000
Toitsye	7	7	1.000000
lukpen	6	6	1.000000
fmawnta	6	7	0.857143
vin	3	3	1.000000
mìftxele	7	8	0.875000
zìma'uyu	7	8	0.875000
nìvingkap	8	9	0.888889
txankrr	6	7	0.857143
vingkap	7	7	1.000000
tìomum	5	6	0.833333
tinan	4	5	0.800000
ninan	3	5	0.600000
tsmìm	4	5	0.800000
inan	3	4	0.750000
'ä'	2	3	0.666667
teynga	6	6	1.000000
teyngla	7	7	1.000000
teyngta	6	7	0.857143
fayluta	6	7	0.857143
stxenu	6	6	1.000000
tìtstew	5	7	0.714286
tìtstewnga'	9	11	0.818182
stxenutìng	8	10	0.800000
tsyär	5	5	1.000000
tìtsyär	6	7	0.857143
mll'an	5	6	0.833333
tìmll'an	7	8	0.875000
kam	3	3	1.000000
kay	3	3	1.000000
'awnìm	6	6	1.000000
steng	5	5	1.000000
nìsteng	6	7	0.857143
nim	3	3	1.000000
srätx	5	5	1.000000
säsrätx	5	7	0.714286
rì'ìr	3	5	0.600000
rì'ìr si	5	7	0.714286
tsìsyì	4	6	0.666667
nìwok	5	5	1.000000
sätsìsyì	5	8	0.625000
nìtsìsyì	5	8	0.625000
nìfwefwi	6	8	0.750000
lawr	4	4	1.000000
tìng lawr	8	8	1.000000
säomum	5	6	0.833333
kosman	6	6	1.000000
nìksman	6	7	0.857143
letsim	6	6	1.000000
lesngä'i	8	8	1.000000
nìtsim	6	6	1.000000
nìsngä'i	7	8	0.875000
ngong	3	5	0.600000
walak	4	5	0.800000
tìngong	5	7	0.714286
txi	3	3	1.000000
letxi	5	5	1.000000
nìtxi	5	5	1.000000
letxiluke	7	9	0.777778
nìtxiluke	9	9	1.000000
kulat	5	5	1.000000
txantompa	7	9	0.777778
meyam	4	5	0.800000
sämyam	5	6	0.833333
fìtsap	6	6	1.000000
nuä+	4	4	1.000000
kanfpìl	7	7	1.000000
fmokx	5	5	1.000000
nìfmokx	7	7	1.000000
kìmar	5	5	1.000000
nìkmar	6	6	1.000000
nìngong	4	7	0.571429
säpom	5	5	1.000000
kxukx	3	5	0.600000
txewm	5	5	1.000000
hìmpxì	5	6	0.833333
kawnglan	6	8	0.750000
nutx	4	4	1.000000
flì	3	3	1.000000
flìnutx	7	7	1.000000
sneyä	5	5	1.000000
säsyep	5	6	0.833333
yora'tu	7	7	1.000000
snaytu	6	6	1.000000
way a plltxe	8	10	0.800000
way a rol	6	7	0.857143
wayä aylì'u	8	10	0.800000
ultxatu	5	7	0.714286
wo	2	2	1.000000
yawo	4	4	1.000000
tsìk	4	4	1.000000
kllwo	4	5	0.800000
kllpä	4	5	0.800000
sätswayon	8	9	0.888889
rawn	4	4	1.000000
tìrawn	6	6	1.000000
särawn	6	6	1.000000
kxeltek	5	7	0.714286
fngo'	5	5	1.000000
säfngo'	7	7	1.000000
ngam	4	4	1.000000
slär	4	4	1.000000
ngampam	5	7	0.714286
ngampam si	7	9	0.777778
faoi	4	4	1.000000
ekxtxu	5	6	0.833333
yo'	3	3	1.000000
nìyo'	5	5	1.000000
nìyol	5	5	1.000000
tìyo'	5	5	1.000000
'ipu	4	4	1.000000
tì'ipu	6	6	1.000000
tìfmi	5	5	1.000000
sä'ipu	6	6	1.000000
hangvur	7	7	1.000000
lì'uvan	7	7	1.000000
kanom	5	5	1.000000
säkanom	7	7	1.000000
srìn	4	4	1.000000
käsrìn	6	6	1.000000
zasrìn	6	6	1.000000
säsrìn	5	6	0.833333
pxìmun'i	8	8	1.000000
lätxayn	7	7	1.000000
sälätxayn	8	9	0.888889
yll	2	3	0.666667
nìyll	4	5	0.800000
hona	4	4	1.000000
tìhona	6	6	1.000000
fäkä	3	4	0.750000
fäza'u	6	6	1.000000
kllza'u	6	7	0.857143
sämok	5	5	1.000000
mal	3	3	1.000000
nìmal	5	5	1.000000
tìmal	5	5	1.000000
kllyem	5	6	0.833333
nìtsyìl	6	7	0.857143
sätsyìl	6	7	0.857143
rìn	3	3	1.000000
flawkx	6	6	1.000000
'ana	3	4	0.750000
tsngawpay	8	9	0.888889
tsngawpayvi	10	11	0.909091
nìhona	5	6	0.833333
lepay	5	5	1.000000
'ul	3	3	1.000000
nän	2	3	0.666667
nìnän	3	5	0.600000
nì'ul'ul	5	8	0.625000
nìnänän	3	7	0.428571
mek	3	3	1.000000
leioae	5	6	0.833333
leioae si	6	8	0.750000
säwìntxu	8	8	1.000000
tì'i'a	5	6	0.833333
srer	3	4	0.750000
'ìp	3	3	1.000000
tsong	5	5	1.000000
tsongtsyìp	8	10	0.800000
ro'a	4	4	1.000000
säro'a	6	6	1.000000
säro'a si	7	8	0.875000
txanro'a	7	8	0.875000
velek	4	5	0.800000
spono	4	5	0.800000
txew	4	4	1.000000
txewnga'	8	8	1.000000
litx	4	4	1.000000
fwem	4	4	1.000000
syura	5	5	1.000000
syuratan	7	8	0.875000
txonkrr	6	7	0.857143
yuey	3	4	0.750000
kxem	4	4	1.000000
txay	4	4	1.000000
nìkxem	6	6	1.000000
nìtxay	6	6	1.000000
klltxay	6	7	0.857143
klltxeykay	7	10	0.700000
yo	2	2	1.000000
kxemyo	6	6	1.000000
fyep	4	4	1.000000
nìk'ärìp	7	8	0.875000
nìklonu	6	7	0.857143
nìktungzup	8	10	0.800000
nìsyep	6	6	1.000000
nìmeyp	6	6	1.000000
säfyep	6	6	1.000000
slan	4	4	1.000000
tìslan	6	6	1.000000
tìeyktan	7	8	0.875000
'llngo	5	6	0.833333
zare'	5	5	1.000000
flawm	5	5	1.000000
prrku	4	5	0.800000
ngep	4	4	1.000000
tawsyuratan	8	11	0.727273
syeha	5	5	1.000000
syeha si	6	7	0.857143
sko+	4	4	1.000000
sna'o	5	5	1.000000
snatxärem	9	9	1.000000
snafpìlfya	8	10	0.800000
snatanhì	6	8	0.750000
sästarsìm	7	9	0.777778
tsu'o	5	5	1.000000
krra	3	4	0.750000
snatanhìtsyìp	8	13	0.615385
pìwopxtsyìp	8	11	0.727273
tìterkup	7	8	0.875000
maweypeyyu	7	10	0.700000
ftxulì'u	7	8	0.875000
ftxulì'uyu	8	10	0.800000
säftxulì'u	9	10	0.900000
tìftxulì'u	7	10	0.700000
slantire	8	8	1.000000
slantire si	8	10	0.800000
kum	3	3	1.000000
kuma	4	4	1.000000
akum	4	4	1.000000
fyel	4	4	1.000000
zey	3	3	1.000000
vll	2	3	0.666667
eykyu	4	5	0.800000
am'ake	5	6	0.833333
nam'ake	6	7	0.857143
kezemplltxe	8	11	0.727273
tare	4	4	1.000000
nìsoaia	6	7	0.857143
nìolo'	5	6	0.833333
sätare	6	6	1.000000
sloa	4	4	1.000000
snep	4	4	1.000000
slosnep	6	7	0.857143
peslosnep	6	9	0.666667
slosneppe	6	9	0.666667
hoet	4	4	1.000000
nìhoet	6	6	1.000000
so'ha	5	5	1.000000
tìso'ha	7	7	1.000000
nìso'ha	7	7	1.000000
leso'ha	7	7	1.000000
tsawlultxa	7	10	0.700000
zìsìtay	6	7	0.857143
tìtsunslu	6	9	0.666667
numultxa	7	8	0.875000
numultxatu	7	10	0.700000
snanumultxa	8	11	0.727273
tìflä	5	5	1.000000
säflä	4	5	0.800000
mesrram	5	7	0.714286
mesrray	6	7	0.857143
pxesrram	7	8	0.875000
pxesrray	7	8	0.875000
mong	4	4	1.000000
sru'	4	4	1.000000
'ekxin	6	6	1.000000
um	2	2	1.000000
'ekxinum	8	8	1.000000
pekxinum	8	8	1.000000
zeswa	5	5	1.000000
zeswavi	7	7	1.000000
lezeswa	6	7	0.857143
lopx	4	4	1.000000
hifwo	5	5	1.000000
yrrap	4	5	0.800000
'rrpxom	6	7	0.857143
rawm	4	4	1.000000
rawmpxom	7	8	0.875000
se'ayl	6	6	1.000000
kxor	4	4	1.000000
syanan	4	6	0.666667
rurur	2	5	0.400000
tseltsul	5	8	0.625000
tìmeyp	6	6	1.000000
am'aluke	7	8	0.875000
atanzaw	5	7	0.714286
nìsìlpey	7	8	0.875000
talun	5	5	1.000000
nìTsyungwen	9	11	0.818182
reykol	6	6	1.000000
nrra	3	4	0.750000
lenrra	5	6	0.833333
nìnrra	4	6	0.666667
snonrra	5	7	0.714286
lesnonrra	7	9	0.777778
nrr	2	3	0.666667
ylltxep	6	7	0.857143
txeptseng	7	9	0.777778
ralnga'	6	7	0.857143
munsna	5	6	0.833333
fyin	4	4	1.000000
ep'ang	6	6	1.000000
epxang	6	6	1.000000
fyinep'ang	9	10	0.900000
pefyinep'ang	9	12	0.750000
fyinep'angpe	9	12	0.750000
sngä'itseng	8	11	0.727273
srungsiyu	7	9	0.777778
srungtsyìp	9	10	0.900000
spulmokri	9	9	1.000000
syeprel	6	7	0.857143
swoa	4	4	1.000000
rou	3	3	1.000000
pamrelvi	8	8	1.000000
snapamrelvi	10	11	0.909091
tìtxen si	7	8	0.875000
fnetxum	7	7	1.000000
zet	3	3	1.000000
ha'	3	3	1.000000
syon	4	4	1.000000
ran	3	3	1.000000
fyole	5	5	1.000000
loran	5	5	1.000000
fe'ran	6	6	1.000000
reyfya	5	6	0.833333
fe'ranvi	8	8	1.000000
nìran	4	5	0.800000
mo	2	2	1.000000
snomo	4	5	0.800000
wum	3	3	1.000000
kesran	6	6	1.000000
nìksran	6	7	0.857143
yewla	5	5	1.000000
leyewla	5	7	0.714286
nìyewla	7	7	1.000000
yawnyewla	6	9	0.666667
ve'o	4	4	1.000000
vezo	4	4	1.000000
vezeyko	6	7	0.857143
vefya	5	5	1.000000
velke	4	5	0.800000
venga'	6	6	1.000000
nìfnu	4	5	0.800000
sätaron	7	7	1.000000
wäsul	5	5	1.000000
tìwäsul	7	7	1.000000
säwäsul	5	7	0.714286
säwäsultsyìp	9	12	0.750000
tìmwiä	6	6	1.000000
snew	4	4	1.000000
txantxew	6	8	0.750000
snewsye	5	7	0.714286
hìmtxew	7	7	1.000000
txantxewvay	8	11	0.727273
hìmtxewvay	10	10	1.000000
hefi	4	4	1.000000
ewku	4	4	1.000000
zìm	3	3	1.000000
yune	4	4	1.000000
syam	4	4	1.000000
'ur	3	3	1.000000
sur	3	3	1.000000
zir	3	3	1.000000
tse'atswo	7	9	0.777778
stawmtswo	6	9	0.666667
hefitswo	8	8	1.000000
ewktswo	6	7	0.857143
zìmtswo	7	7	1.000000
fkan	4	4	1.000000
onlor	4	5	0.800000
onvä'	5	5	1.000000
we'ay	5	5	1.000000
wip	3	3	1.000000
fwang	5	5	1.000000
nget	4	4	1.000000
kxänäng	5	7	0.714286
sosul	4	5	0.800000
unyor	5	5	1.000000
atxar	4	5	0.800000
inanfya	5	7	0.714286
uvan letokx	10	10	1.000000
ftärpa	6	6	1.000000
skiempa	7	7	1.000000
rengop	6	6	1.000000
tìrengop	8	8	1.000000
särengop	8	8	1.000000
ingyen	5	6	0.833333
sngumtsim	7	9	0.777778
yayayrtsim	7	10	0.700000
ingyentsim	8	10	0.800000
ingyentsyìp	9	11	0.818182
ningyen	5	7	0.714286
ingyenga'	7	9	0.777778
sngunga'	6	8	0.750000
yayayrnga'	6	10	0.600000
yrr	2	3	0.666667
nìyrr	4	5	0.800000
zäfi	4	4	1.000000
syor	4	4	1.000000
tìsyor	6	6	1.000000
tìfnunga'	8	9	0.888889
späpeng	6	7	0.857143
'anla	4	5	0.800000
sä'anla	6	7	0.857143
lie	3	3	1.000000
tsìlpey	7	7	1.000000
säsìlpey	7	8	0.875000
kelsar	6	6	1.000000
yì	2	2	1.000000
snayì	5	5	1.000000
kxaylyì	6	7	0.857143
kxamyì	6	6	1.000000
tìmyì	4	5	0.800000
flrr	3	4	0.750000
nìflrr	5	6	0.833333
tìflrr	5	6	0.833333
ngä'än	4	6	0.666667
kelkin	5	6	0.833333
nìkelkin	6	8	0.750000
sängä'än	5	8	0.625000
'eylanay	6	8	0.750000
eyktanay	6	8	0.750000
tsulfätunay	9	11	0.818182
karyunay	6	8	0.750000
tsan'ul	7	7	1.000000
fe'ul	5	5	1.000000
tìtsan'ul	8	9	0.888889
tìfe'ul	7	7	1.000000
sätsan'ul	8	9	0.888889
säfe'ul	7	7	1.000000
frafya	4	6	0.666667
postì	5	5	1.000000
ketsran	7	7	1.000000
kangay si	7	8	0.875000
txurtel	6	7	0.857143
ropx	4	4	1.000000
tsongropx	8	9	0.888889
tsrul	5	5	1.000000
yayotsrul	8	9	0.888889
lini	3	4	0.750000
tarnioang	7	9	0.777778
rong	4	4	1.000000
swek	4	4	1.000000
mektseng	7	8	0.875000
tsenga	6	6	1.000000
fta	3	3	1.000000
fta si	5	5	1.000000
fwi	3	3	1.000000
oìsss si	4	7	0.571429
il	2	2	1.000000
kxakx	3	5	0.600000
ftumfa	5	6	0.833333
sä'eoio	6	7	0.857143
sä'eoio si	6	9	0.666667
kur	3	3	1.000000
nìtkan	5	6	0.833333
nìtkanluke	8	10	0.800000
nui	3	3	1.000000
nìnu	3	4	0.750000
tìnui	5	5	1.000000
sänui	5	5	1.000000
fngä'	5	5	1.000000
zun	3	3	1.000000
zel	3	3	1.000000
'ekxinumpe	9	10	0.900000
okup	4	4	1.000000
loi	3	3	1.000000
tsyeym	5	6	0.833333
wokau	5	5	1.000000
srä	3	3	1.000000
srok	4	4	1.000000
pxayopin	7	8	0.875000
tsyoklìt	7	8	0.875000
paynäpll	6	8	0.750000
pamrelsiyu	10	10	1.000000
rel arusikx	9	10	0.900000
lì'upuk	6	7	0.857143
nìkemweypey	8	11	0.727273
kelemweypey	7	11	0.636364
'on	3	3	1.000000
salewfya	7	8	0.875000
koum	4	4	1.000000
ko'on	4	5	0.800000
yo'ko	4	5	0.800000
renulke	6	7	0.857143
vawt	4	4	1.000000
momek	4	5	0.800000
yeyfya	4	6	0.666667
yak	3	3	1.000000
yak si	5	5	1.000000
nìyeyfya	6	8	0.750000
nìftär	6	6	1.000000
nìskien	6	7	0.857143
'oratsyìp	9	9	1.000000
nìyawr	6	6	1.000000
tìsteftxaw	8	10	0.800000
yoa	3	3	1.000000
txolar	6	6	1.000000
ewro	4	4	1.000000
lawnol	5	6	0.833333
ley	3	3	1.000000
säfmi	5	5	1.000000
nìfkeytongay	10	12	0.833333
mowar	5	5	1.000000
mowar si	7	7	1.000000
mowarsiyu	9	9	1.000000
kakpam	4	6	0.666667
tìkakpam	6	8	0.750000
pxek	4	4	1.000000
kolan	5	5	1.000000
hena	4	4	1.000000
sähena	6	6	1.000000
paysena	6	7	0.857143
tutsena	6	7	0.857143
tstalsena	6	9	0.666667
swizawsena	7	10	0.700000
tìkakrel	7	8	0.875000
ngoa	4	4	1.000000
mawfwa	4	6	0.666667
neni	3	4	0.750000
fwep	4	4	1.000000
fwopx	5	5	1.000000
nìyey	4	5	0.800000
'al	3	3	1.000000
tì'al	5	5	1.000000
le'al	4	5	0.800000
nì'al	5	5	1.000000
srey	4	4	1.000000
lupra	5	5	1.000000
fyolup	6	6	1.000000
fe'lup	6	6	1.000000
snolup	6	6	1.000000
'ongop	5	6	0.833333
'ongopyu	7	8	0.875000
uniltìrantokxolo'	12	17	0.705882
krrka	3	5	0.600000
tìreyn	6	6	1.000000
LosÄntsyelesì	10	13	0.769231
tson	4	4	1.000000
nìtson	5	6	0.833333
kxìm	4	4	1.000000
tsonta	5	6	0.833333
tìkxìm	5	6	0.833333
tìkxìm si	7	8	0.875000
kxìmyu	6	6	1.000000
saylahe	6	7	0.857143
fpomron	6	7	0.857143
lefpomron	8	9	0.888889
kelfpomron	9	10	0.900000
fpomtokxnga'	11	12	0.916667
kefpomtokxnga'	12	14	0.857143
fpomronga'	9	10	0.900000
kefpomronga'	11	12	0.916667
srefpìl	7	7	1.000000
srefwa	6	6	1.000000
ken'aw	6	6	1.000000
släkop	6	6	1.000000
sngum si	6	7	0.857143
väpam	5	5	1.000000
hawmpam	5	7	0.714286
lehawmpam	7	9	0.777778
nìhawmpam	7	9	0.777778
miklor	6	6	1.000000
mikvä'	6	6	1.000000
narlor	5	6	0.833333
narvä'	6	6	1.000000
zawr	4	4	1.000000
tìnew	5	5	1.000000
nopx	4	4	1.000000
tiam	4	4	1.000000
ketsuktiam	8	10	0.800000
txewluke	7	8	0.875000
'umtsa	6	6	1.000000
lang	4	4	1.000000
tìlang	6	6	1.000000
sälang	6	6	1.000000
kxum	4	4	1.000000
kxumpay	7	7	1.000000
sängop	6	6	1.000000
tsyìl	5	5	1.000000
kxap	4	4	1.000000
kxapnga'	7	8	0.875000
nìkxap	6	6	1.000000
tìftiatu	6	8	0.750000
tìftiatu kifkeyä	10	15	0.666667
heyr	4	4	1.000000
tseri	5	5	1.000000
kxap si	6	6	1.000000
tìtseri	6	7	0.857143
tìktseri	7	8	0.875000
yäkx	4	4	1.000000
tìyäkx	6	6	1.000000
srunga'	7	7	1.000000
säyäkx	5	6	0.833333
ngip	4	4	1.000000
txepram	7	7	1.000000
txekxumpay	9	10	0.900000
wrrza'u	6	7	0.857143
tskxevi	7	7	1.000000
nìkx	4	4	1.000000
tìralpeng	9	9	1.000000
unil si	5	6	0.833333
uniltsa	7	7	1.000000
mauti	5	5	1.000000
utu	2	3	0.666667
utumauti	5	8	0.625000
slayk	5	5	1.000000
tìkelu	6	6	1.000000
tompakel	8	8	1.000000
syuvekel	7	8	0.875000
zawprrte'	8	9	0.888889
nawri	5	5	1.000000
tìnawri	7	7	1.000000
susyang	6	7	0.857143
reym	4	4	1.000000
kop	3	3	1.000000
tuvom	5	5	1.000000
yengwal	7	7	1.000000
nip	3	3	1.000000
hän	3	3	1.000000
'rrko	4	5	0.800000
tsngem	6	6	1.000000
tsawsngem	8	9	0.888889
wìngay	6	6	1.000000
tìwìngay	7	8	0.875000
säwìngay	8	8	1.000000
tìng zekwä	9	9	1.000000
weptseng	7	8	0.875000
wep	3	3	1.000000
tseotu	5	6	0.833333
tìkeftxo	7	8	0.875000
tìkeftxonga'	11	12	0.916667
pamtseongopyu	11	13	0.846154
lereyfya	6	8	0.750000
huru	3	4	0.750000
sey	3	3	1.000000
'e'in	4	5	0.800000
'e'insey	6	8	0.750000
sum	3	3	1.000000
sumsey	5	6	0.833333
swoasey	6	7	0.857143
swoasey ayll	7	11	0.636364
tsyey	4	5	0.800000
tsyeytsyìp	6	10	0.600000
nik	3	3	1.000000
niktsyey	7	8	0.875000
merki	5	5	1.000000
ikut	4	4	1.000000
sämunge	7	7	1.000000
syusmung	6	8	0.750000
paysmung	8	8	1.000000
prrsmung	7	8	0.875000
nivi	3	4	0.750000
swaynivi	7	8	0.875000
snonivi	5	7	0.714286
sänrr	4	5	0.800000
tsmi	4	4	1.000000
tsmisnrr	6	8	0.750000
seyn	4	4	1.000000
hoan	4	4	1.000000
lehoan	6	6	1.000000
nìhoan	5	6	0.833333
kelhoan	7	7	1.000000
fyan	4	4	1.000000
fyanyo	5	6	0.833333
yomyo	3	5	0.600000
yomyo lerìk	8	10	0.800000
fyanyì	5	6	0.833333
kurfyan	7	7	1.000000
snokfyan	7	8	0.875000
kurfyavi	8	8	1.000000
seyto	5	5	1.000000
säseyto	6	7	0.857143
yaney	4	5	0.800000
spulyaney	8	9	0.888889
lal	2	3	0.666667
txanlal	5	7	0.714286
tsankum	7	7	1.000000
tsankumnga'	9	11	0.818182
fekumnga'	9	9	1.000000
tìmungwrr	8	9	0.888889
tìmungwrr si	10	11	0.909091
tarpongu	8	8	1.000000
nawfwe	5	6	0.833333
fekum	5	5	1.000000
plltxeyu	7	8	0.875000
pxawngip	7	8	0.875000
palulukantsyìp	10	14	0.714286
zum	3	3	1.000000
hìpey	5	5	1.000000
tìhìpey	6	7	0.857143
snäm	4	4	1.000000
kllrikx	5	7	0.714286
sälatem	7	7	1.000000
tìlatem	6	7	0.857143
txatx	3	5	0.600000
lehìpey	6	7	0.857143
nìhìpey	6	7	0.857143
ronguway	8	8	1.000000
ronguwayyu	8	10	0.800000
ler	3	3	1.000000
nìler	5	5	1.000000
lo'a	4	4	1.000000
'ewrang	7	7	1.000000
sa'ewrang	8	9	0.888889
tiretu	5	6	0.833333
pasuk	5	5	1.000000
vozampasukut	10	12	0.833333
paskalin	7	8	0.875000
fngä'tseng	8	10	0.800000
mo a fngä'	8	8	1.000000
sa	2	2	1.000000
tanleng	6	7	0.857143
syokup	6	6	1.000000
kewan	5	5	1.000000
tìnvi	5	5	1.000000
tìnvi si	6	7	0.857143
txanwetseng	8	11	0.727273
penghrr	6	7	0.857143
säpenghrr	8	9	0.888889
tì'ul	5	5	1.000000
eyawrfya	6	8	0.750000
stiwi	4	5	0.800000
stiwi si	4	7	0.571429
stiwinga'	8	9	0.888889
stiwisiyu	6	9	0.666667
rawng	5	5	1.000000
syewe	4	5	0.800000
syewenga'	8	9	0.888889
laro si	6	6	1.000000
slukx	5	5	1.000000
tsin	4	4	1.000000
ue'	3	3	1.000000
nantangtsyìp	8	12	0.666667
hiup	4	4	1.000000
räptum	6	6	1.000000
txanlokxe	8	9	0.888889
tsamsä'o	7	8	0.875000
tìtxurnga'	9	10	0.900000
leym	4	4	1.000000
nìzen	4	5	0.800000
kenzen	4	6	0.666667
pllhrr	4	6	0.666667
säpllhrr	6	8	0.750000
tspìng	6	6	1.000000
mawup	5	5	1.000000
pawk	4	4	1.000000
tekre	4	5	0.800000
ionar	5	5	1.000000
mo'ara	5	6	0.833333
tìsung	6	6	1.000000
tìng ontu	6	8	0.750000
tìng ftxì	6	8	0.750000
satu'li	7	7	1.000000
tìkxuke	6	7	0.857143
emkä	4	4	1.000000
kxu si	5	5	1.000000
tswìk	5	5	1.000000
tswìk kxenerit	10	13	0.769231
taksyokx	7	8	0.875000
pamuvan	6	7	0.857143
kemwiä	6	6	1.000000
tìkemwiä	8	8	1.000000
leymkem	5	7	0.714286
tìleymkem	7	9	0.777778
säleymkem	7	9	0.777778
leymfe'	6	7	0.857143
tìleymfe'	8	9	0.888889
säleymfe'	8	9	0.888889
tìleym	6	6	1.000000
tìtstunwinga'	10	13	0.769231
tìflänga'	9	9	1.000000
ekxan si	7	7	1.000000
nìtsleng	7	8	0.875000
kawl	4	4	1.000000
yawntutsyìp	9	11	0.818182
weopx	5	5	1.000000
leweopx	6	7	0.857143
tsìltsan	6	8	0.750000
lerìn	5	5	1.000000
letskxe	6	7	0.857143
pìsaw	5	5	1.000000
tìpsaw	6	6	1.000000
txintseng	7	9	0.777778
lanay'ka	6	8	0.750000
ilu	3	3	1.000000
sye'otxang	10	10	1.000000
vurway	6	6	1.000000
txopu sleyku	10	11	0.909091
paytxew	7	7	1.000000
lì'ukìng	7	8	0.875000
lì'ukìngvi	9	10	0.900000
lì'kong	7	7	1.000000
lì'uvi	6	6	1.000000
eolì'uvi	8	8	1.000000
syonlì'u	8	8	1.000000
fyalì'u	7	7	1.000000
starlì'u	8	8	1.000000
tilì'u	6	6	1.000000
vonvä'	5	6	0.833333
yo'kofya	6	8	0.750000
tì'iluke	8	8	1.000000
txanso'hayu	10	11	0.909091
'oktrr	5	6	0.833333
so'yu	5	5	1.000000
zìsìtsaltrr	7	11	0.636364
zìtsaltrr	7	9	0.777778
tsukx	5	5	1.000000
ripx	4	4	1.000000
sävll	4	5	0.800000
tstxolì'ukìngvi	13	15	0.866667
kxì	3	3	1.000000
aho	3	3	1.000000
tìaho	5	5	1.000000
saho	4	4	1.000000
syawn	5	5	1.000000
tìng syawn	8	9	0.888889
parul	5	5	1.000000
parulnga'	8	9	0.888889
parultsyìp	9	10	0.900000
keltrrtrr	5	9	0.555556
txankeltrrtrr	8	13	0.615385
nìtxankeltrrtrr	9	15	0.600000
hafyon	6	6	1.000000
lafyon	6	6	1.000000
hafyonga'	8	9	0.888889
fkxara	5	6	0.833333
fkxaranga'	8	10	0.800000
afpawng	6	7	0.857143
afpawng si	8	9	0.888889
keyn	4	4	1.000000
palon	5	5	1.000000
rem	3	3	1.000000
tong	4	4	1.000000
reypaytun	8	9	0.888889
txeptun	6	7	0.857143
vultsyìp	8	8	1.000000
'opinvultsyìp	12	13	0.923077
pinvul	6	6	1.000000
srankehe	7	8	0.875000
tì'ongokx	8	9	0.888889
rìkxi	5	5	1.000000
nìrìkxi	6	7	0.857143
kawkxan	5	7	0.714286
fnelan	5	6	0.833333
fnele	4	5	0.800000
lefnelan	5	8	0.625000
lefnele	4	7	0.571429
fwìng	5	5	1.000000
fwìng si	7	7	1.000000
fyawìntxuyu	9	11	0.818182
han	3	3	1.000000
tìhan	5	5	1.000000
hipx	4	4	1.000000
tìhipx	6	6	1.000000
snotipx	7	7	1.000000
kämunge	7	7	1.000000
kawnomum	7	8	0.875000
le'awtu	7	7	1.000000
lie si	4	5	0.800000
liswa	5	5	1.000000
liswa si	5	7	0.714286
meuia si	6	7	0.857143
meyptu	6	6	1.000000
nafpawng	6	8	0.750000
nìt'iluke	9	9	1.000000
nongspe'	7	8	0.875000
tìsyortsyìp	7	11	0.636364
to tìtseri	7	9	0.777778
tswal	5	5	1.000000
letswal	6	7	0.857143
tswalnga'	8	9	0.888889
tswesya	6	7	0.857143
tswesya si	7	9	0.777778
txe'lankong	10	11	0.909091
txurtu	4	6	0.666667
tìtxantslusam	9	13	0.692308
pamrelvul	8	9	0.888889
relvul	5	6	0.833333
pamrelvul lerìn	10	14	0.714286
pensìl	6	6	1.000000
'opinsung	8	9	0.888889
uolì’uvi	7	8	0.875000
'on si	5	5	1.000000
kxange	6	6	1.000000
säkxange	8	8	1.000000
walew	4	5	0.800000
nìnew	4	5	0.800000
tawtxew	5	7	0.714286
frir	3	4	0.750000
lefrir	5	6	0.833333
nìfrir	5	6	0.833333
leyr	4	4	1.000000
leyr si	6	6	1.000000
lesar si	6	7	0.857143
leftxozä	8	8	1.000000
Kelnì	5	5	1.000000
Poston	5	6	0.833333
Nìyu Yorkì	8	9	0.888889
fpxamo	6	6	1.000000
tìfpxamo	8	8	1.000000
nìfpxamo	8	8	1.000000
tsyul	5	5	1.000000
tìtsyul	6	7	0.857143
nawang	4	6	0.666667
lamaytxa	6	8	0.750000
oare	4	4	1.000000
vospxì'aw	9	9	1.000000
vospxìmun	9	9	1.000000
vospxey	7	7	1.000000
vospxìtsìng	9	11	0.818182
vospxìmrr	8	9	0.888889
vospxìpuk	8	9	0.888889
vospxìkin	9	9	1.000000
vospxìvol	7	9	0.777778
vospxìvolaw	9	11	0.818182
vospxìvomun	9	11	0.818182
vospxìvopey	8	11	0.727273
vospxìvosìng	8	12	0.666667
zìskrrsom	7	9	0.777778
zìskrrwew	7	9	0.777778
paw	3	3	1.000000
tìpaw	5	5	1.000000
zìskrrmipaw	10	11	0.909091
tsawn	5	5	1.000000
zìskrrtsawn	9	11	0.818182
'asap	4	5	0.800000
'asap si	5	7	0.714286
fe'pey	5	6	0.833333
ketrìp	6	6	1.000000
txansngum	8	9	0.888889
txansngum si	9	11	0.818182
tskawr	6	6	1.000000
txavä'	6	6	1.000000
nìflä	5	5	1.000000
txantsawl	7	9	0.777778
txasunu	6	7	0.857143
zeykoyu	6	7	0.857143
tìranpam	7	8	0.875000
ftuopa	6	6	1.000000
fyeng	5	5	1.000000
kavan	4	5	0.800000
lepxìmrun	9	9	1.000000
kelpxìmrun	10	10	1.000000
zung	4	4	1.000000
fpivìl	6	6	1.000000
kom	3	3	1.000000
mam	2	3	0.666667
yomvey	5	6	0.833333
yomzeswa	8	8	1.000000
txap	4	4	1.000000
tìtxap	5	6	0.833333
semkä	5	5	1.000000
emkäfya	7	7	1.000000
fil	3	3	1.000000
sunkesun	5	8	0.625000
maitan	5	6	0.833333
maite	5	5	1.000000
loho	3	4	0.750000
tìloho	5	6	0.833333
nìloho	5	6	0.833333
Tsawkenay	8	9	0.888889
Tawsnrrtsyìp	10	12	0.833333
Snrrtsyìp	8	9	0.888889
kuru	3	4	0.750000
nìtxukx	6	7	0.857143
raw	3	3	1.000000
kantseng	7	8	0.875000
la'a	3	4	0.750000
pela'a	5	6	0.833333
la'ape	5	6	0.833333
pelìmsim	7	8	0.875000
lìmsimpe	7	8	0.875000
keynven	5	7	0.714286
ralke	5	5	1.000000
tìfkeytongay	10	12	0.833333
lefkeytongay	10	12	0.833333
säsrese'a	6	9	0.666667
